File start time :  7  9  1  0  0
 File ending time:  7  9  7 21  0
 Chosen date in meteorological file:            7           9           3           9
  
 YR: 2007   MON: 09   DAY: 03   HOUR: 09    AT POSITION: 290.6  66.4  LAT.:-24.63  LON.: -70.40
 PRSS:    0.9148E+03
 MSLP:    0.1016E+04
 TPP6:    0.0000E+00
 UMOF:    0.3173E-01
 VMOF:   -0.1192E-01
 SHTF:   -0.4014E+02
 DSWF:    0.0000E+00
 RH2M:    0.4689E+02
 U10M:   -0.2294E+01
 V10M:    0.1714E+01
 T02M:    0.2859E+03
 TCLD:    0.0000E+00
 SHGT:    0.9157E+03
 CAPE:    0.0000E+00
 CINH:    0.0000E+00
 LISD:    0.2867E+03
 LIB4:    0.1243E+02
 PBLH:    0.1637E+03
 TMPS:    0.2830E+03
 CPP6:    0.0000E+00
 SOLM:    0.1361E+00
 CSNO:    0.0000E+00
 CICE:    0.0000E+00
 CFZR:    0.0000E+00
 CRAI:    0.0000E+00
 LHTF:    0.3610E+02
 LCLD:    0.0000E+00
 MCLD:    0.0000E+00
 HCLD:    0.0000E+00
  
 PRESS HGT(MSL) TEMP DEW PT  WND DIR  WND SPD
 HPA       M      C     C       DEG     M/S  
 E = Estimated Surface Height

  915.   916.   12.7    1.6   126.8     2.9
  900.  1030.   18.4   -4.7   103.2     3.9
  850.  1516.   17.2   -9.9    64.2     3.3
  800.  2029.   15.2  -17.9    22.4     3.0
  750.  2571.   11.2  -17.0     6.5     4.4
  700.  3140.    6.4  -20.3   356.8     6.3
  650.  3742.    2.1  -25.7   342.3     7.2
  600.  4384.   -0.3  -38.8   315.4     5.2
  550.  5076.   -2.9  -61.8   231.3     5.6
  500.  5824.   -8.1  -57.4   229.0     8.0
  450.  6630.  -15.3  -51.1   237.2     8.3
  400.  7506.  -22.8  -52.2   257.4    10.6
  350.  8471.  -29.6  -56.8   265.2    17.7
  300.  9553.  -37.0  -58.5   271.6    26.6
  250. 10787.  -46.5  -59.6   278.0    30.4
  200. 12238.  -54.4  -65.7   279.1    29.6
  150. 14046.  -62.9  -74.9   272.2    24.5
  100. 16473.  -72.3  -87.6   285.7    18.3
   50. 20678.  -59.6 -273.1   230.7     1.7
   20. 26481.  -53.8 -273.1    12.0     5.3
  
 gdas1.sep07.w1                                            
        Lat/Lon: -24.63  -70.40
E = Estimated Surface Height

 ========Mean Sea Level Pressure=====
     FHR:    3.
MSLP      1016.

 ========Temperature Deg C=====
Hmsl/FHR:    3.
Mdl sfc   12.7
  916.    12.7
 1030.    18.4
 1516.    17.2
 2029.    15.2
 2571.    11.2
 3140.     6.4
 3742.     2.1
 4384.    -0.3
 5076.    -2.9
 5824.    -8.1
 6630.   -15.3
 7506.   -22.8
 8471.   -29.6
 9553.   -37.0
10787.   -46.5
12238.   -54.4
14046.   -62.9
16473.   -72.3
20678.   -59.6
26481.   -53.8

 ========Relative Humidity========
Hmsl/FHR:    3.
  916.    22.8
 1030.    20.7
 1516.    15.0
 2029.     9.0
 2571.    12.6
 3140.    13.3
 3742.    11.2
 4384.     4.0
 5076.     0.4
 5824.     1.0
 6630.     3.5
 7506.     5.8
 8471.     6.3
 9553.    10.4
10787.    23.6
12238.    26.3
14046.    21.2
16473.    11.1
20678.     0.0
26481.     0.0

 ========Wind Direction========
Hmsl/FHR:    3.
  916.   126.8
 1030.   103.2
 1516.    64.2
 2029.    22.4
 2571.     6.5
 3140.   356.8
 3742.   342.3
 4384.   315.4
 5076.   231.3
 5824.   229.0
 6630.   237.2
 7506.   257.4
 8471.   265.2
 9553.   271.6
10787.   278.0
12238.   279.1
14046.   272.2
16473.   285.7
20678.   230.7
26481.    12.0

 ========Wind Speed m/s=========
Hmsl/FHR:    3.
  916.     2.9
 1030.     3.9
 1516.     3.3
 2029.     3.0
 2571.     4.4
 3140.     6.3
 3742.     7.2
 4384.     5.2
 5076.     5.6
 5824.     8.0
 6630.     8.3
 7506.    10.6
 8471.    17.7
 9553.    26.6
10787.    30.4
12238.    29.6
14046.    24.5
16473.    18.3
20678.     1.7
26481.     5.3
