File start time :  7  9  1  0  0
 File ending time:  7  9  7 21  0
 Chosen date in meteorological file:            7           9           2          21
  
 YR: 2007   MON: 09   DAY: 02   HOUR: 21    AT POSITION: 290.6  66.4  LAT.:-24.63  LON.: -70.40
 PRSS:    0.9150E+03
 MSLP:    0.1014E+04
 TPP6:    0.0000E+00
 UMOF:   -0.4044E-01
 VMOF:   -0.3906E-02
 SHTF:    0.6724E+02
 DSWF:    0.6508E+03
 RH2M:    0.4329E+02
 U10M:    0.2579E+01
 V10M:    0.2120E+01
 T02M:    0.2913E+03
 TCLD:    0.0000E+00
 SHGT:    0.9157E+03
 CAPE:    0.0000E+00
 CINH:    0.0000E+00
 LISD:    0.2843E+03
 LIB4:    0.1094E+02
 PBLH:    0.5469E+03
 TMPS:    0.2915E+03
 CPP6:    0.0000E+00
 SOLM:    0.1361E+00
 CSNO:    0.0000E+00
 CICE:    0.0000E+00
 CFZR:    0.0000E+00
 CRAI:    0.0000E+00
 LHTF:    0.7189E+02
 LCLD:    0.0000E+00
 MCLD:    0.0000E+00
 HCLD:    0.0000E+00
  
 PRESS HGT(MSL) TEMP DEW PT  WND DIR  WND SPD
 HPA       M      C     C       DEG     M/S  
 E = Estimated Surface Height

  915.   916.   18.1    5.4   230.6     3.3
  900.  1022.   21.5   -1.4   233.3     1.1
  850.  1511.   18.9   -7.7   330.5     1.5
  800.  2026.   16.0  -12.8   347.6     3.0
  750.  2570.   12.6  -15.4   353.9     5.0
  700.  3142.    8.2  -19.5   352.6     6.7
  650.  3748.    3.1  -23.2   347.0     8.3
  600.  4389.   -1.9  -28.3   333.8    11.4
  550.  5076.   -5.0  -39.8   317.9    14.5
  500.  5820.   -8.1  -58.3   298.4    15.6
  450.  6629.  -13.7  -67.6   284.2    15.7
  400.  7513.  -20.0  -68.5   276.1    17.6
  350.  8488.  -27.3  -53.7   272.6    21.1
  300.  9577.  -36.2  -61.0   275.8    27.1
  250. 10816.  -45.9  -60.2   291.2    31.7
  200. 12268.  -54.8  -72.8   277.1    32.7
  150. 14060.  -65.6  -76.0   278.7    29.2
  100. 16481.  -70.7 -104.5   272.5    16.4
   50. 20681.  -58.9 -273.1   308.3     2.5
   20. 26482.  -53.0 -273.1   201.9     3.0
  
 gdas1.sep07.w1                                            
        Lat/Lon: -24.63  -70.40
E = Estimated Surface Height

 ========Mean Sea Level Pressure=====
     FHR:    3.
MSLP      1014.

 ========Temperature Deg C=====
Hmsl/FHR:    3.
Mdl sfc   18.1
  916.    18.1
 1022.    21.5
 1511.    18.9
 2026.    16.0
 2570.    12.6
 3142.     8.2
 3748.     3.1
 4389.    -1.9
 5076.    -5.0
 5820.    -8.1
 6629.   -13.7
 7513.   -20.0
 8488.   -27.3
 9577.   -36.2
10816.   -45.9
12268.   -54.8
14060.   -65.6
16481.   -70.7
20681.   -58.9
26482.   -53.0

 ========Relative Humidity========
Hmsl/FHR:    3.
  916.    24.3
 1022.    21.7
 1511.    16.0
 2026.    12.9
 2570.    13.1
 3142.    12.6
 3748.    13.0
 4389.    11.9
 5076.     5.1
 5820.     0.9
 6629.     0.4
 7513.     0.7
 8488.     7.3
 9577.     7.2
10816.    20.4
12268.    11.1
14060.    25.6
16481.     0.5
20681.     0.0
26482.     0.0

 ========Wind Direction========
Hmsl/FHR:    3.
  916.   230.6
 1022.   233.3
 1511.   330.5
 2026.   347.6
 2570.   353.9
 3142.   352.6
 3748.   347.0
 4389.   333.8
 5076.   317.9
 5820.   298.4
 6629.   284.2
 7513.   276.1
 8488.   272.6
 9577.   275.8
10816.   291.2
12268.   277.1
14060.   278.7
16481.   272.5
20681.   308.3
26482.   201.9

 ========Wind Speed m/s=========
Hmsl/FHR:    3.
  916.     3.3
 1022.     1.1
 1511.     1.5
 2026.     3.0
 2570.     5.0
 3142.     6.7
 3748.     8.3
 4389.    11.4
 5076.    14.5
 5820.    15.6
 6629.    15.7
 7513.    17.6
 8488.    21.1
 9577.    27.1
10816.    31.7
12268.    32.7
14060.    29.2
16481.    16.4
20681.     2.5
26482.     3.0