File start time :  8  8  1  0  0
 File ending time:  8  8  7 21  0
 Chosen date in meteorological file:            8           8           3           0
  
 YR: 2008   MON: 08   DAY: 03   HOUR: 00    AT POSITION: 290.6  66.4  LAT.:-24.63  LON.: -70.40
 PRSS:    0.9144E+03
 MSLP:    0.1014E+04
 TPP6:    0.0000E+00
 UMOF:   -0.2728E-01
 VMOF:   -0.9297E-01
 SHTF:   -0.3296E+01
 DSWF:    0.2988E+03
 RH2M:    0.5964E+02
 U10M:   -0.3100E+00
 V10M:    0.4835E+01
 T02M:    0.2871E+03
 TCLD:    0.2290E+01
 SHGT:    0.9157E+03
 CAPE:    0.0000E+00
 CINH:    0.0000E+00
 LISD:    0.2810E+03
 LIB4:    0.7425E+01
 PBLH:    0.2357E+03
 TMPS:    0.2837E+03
 CPP6:    0.0000E+00
 SOLM:    0.1327E+00
 CSNO:    0.0000E+00
 CICE:    0.0000E+00
 CFZR:    0.0000E+00
 CRAI:    0.0000E+00
 LHTF:    0.6243E+02
 LCLD:    0.0000E+00
 MCLD:    0.0000E+00
 HCLD:    0.0000E+00
  
 PRESS HGT(MSL) TEMP DEW PT  WND DIR  WND SPD
 HPA       M      C     C       DEG     M/S  
 E = Estimated Surface Height

  914.   916.   14.0    6.2   176.3     4.8
  900.  1019.   20.8    2.9   168.2     5.9
  850.  1508.   18.5   -0.4   166.9     5.2
  800.  2023.   15.4   -4.9   155.7     3.2
  750.  2566.   11.5   -9.4   109.2     1.2
  700.  3137.    7.5  -13.9   126.2     1.1
  650.  3742.    3.8  -22.0   181.8     3.8
  600.  4386.   -0.4  -30.0   183.2    10.6
  550.  5076.   -4.7  -36.3   186.9    15.8
  500.  5818.   -9.6  -38.2   194.6    18.4
  450.  6622.  -15.8  -39.8   203.7    20.0
  400.  7496.  -23.4  -43.6   214.9    19.0
  350.  8458.  -30.4  -52.8   219.6    20.2
  300.  9535.  -39.0  -50.3   206.3    22.4
  250. 10761.  -47.0  -64.6   198.6    24.9
  200. 12213.  -55.0  -68.6   237.3    20.2
  150. 14004.  -64.8  -86.7   251.2    26.2
  100. 16444.  -69.6 -273.1   224.9    14.9
   50. 20584.  -63.5 -273.1   262.2    14.1
   20. 26410.  -47.9 -273.1   256.5    15.5
  
 gdas1.aug08.w1                                            
        Lat/Lon: -24.63  -70.40
E = Estimated Surface Height

 ========Mean Sea Level Pressure=====
     FHR:    0.
MSLP      1014.

 ========Temperature Deg C=====
Hmsl/FHR:    0.
Mdl sfc   14.0
  916.    14.0
 1019.    20.8
 1508.    18.5
 2023.    15.4
 2566.    11.5
 3137.     7.5
 3742.     3.8
 4386.    -0.4
 5076.    -4.7
 5818.    -9.6
 6622.   -15.8
 7496.   -23.4
 8458.   -30.4
 9535.   -39.0
10761.   -47.0
12213.   -55.0
14004.   -64.8
16444.   -69.6
20584.   -63.5
26410.   -47.9

 ========Relative Humidity========
Hmsl/FHR:    0.
  916.    32.3
 1019.    30.7
 1508.    28.0
 2023.    24.6
 2566.    22.5
 3137.    20.6
 3742.    13.7
 4386.     9.2
 5076.     7.0
 5818.     8.5
 6622.    11.8
 7496.    15.1
 8458.    10.6
 9535.    31.4
10761.    13.6
12213.    19.6
14004.     4.9
16444.     0.0
20584.     0.0
26410.     0.0

 ========Wind Direction========
Hmsl/FHR:    0.
  916.   176.3
 1019.   168.2
 1508.   166.9
 2023.   155.7
 2566.   109.2
 3137.   126.2
 3742.   181.8
 4386.   183.2
 5076.   186.9
 5818.   194.6
 6622.   203.7
 7496.   214.9
 8458.   219.6
 9535.   206.3
10761.   198.6
12213.   237.3
14004.   251.2
16444.   224.9
20584.   262.2
26410.   256.5

 ========Wind Speed m/s=========
Hmsl/FHR:    0.
  916.     4.8
 1019.     5.9
 1508.     5.2
 2023.     3.2
 2566.     1.2
 3137.     1.1
 3742.     3.8
 4386.    10.6
 5076.    15.8
 5818.    18.4
 6622.    20.0
 7496.    19.0
 8458.    20.2
 9535.    22.4
10761.    24.9
12213.    20.2
14004.    26.2
16444.    14.9
20584.    14.1
26410.    15.5
