File start time :  7  9  1  0  0
 File ending time:  7  9  7 21  0
 Chosen date in meteorological file:            7           9           3           3
  
 YR: 2007   MON: 09   DAY: 03   HOUR: 03    AT POSITION: 290.6  66.4  LAT.:-24.63  LON.: -70.40
 PRSS:    0.9163E+03
 MSLP:    0.1017E+04
 TPP6:    0.0000E+00
 UMOF:    0.6704E-02
 VMOF:   -0.2065E-01
 SHTF:   -0.2509E+02
 DSWF:    0.0000E+00
 RH2M:    0.5531E+02
 U10M:   -0.9955E+00
 V10M:    0.1981E+01
 T02M:    0.2862E+03
 TCLD:    0.1480E+00
 SHGT:    0.9157E+03
 CAPE:    0.0000E+00
 CINH:    0.0000E+00
 LISD:    0.2864E+03
 LIB4:    0.1209E+02
 PBLH:    0.1662E+03
 TMPS:    0.2837E+03
 CPP6:    0.0000E+00
 SOLM:    0.1361E+00
 CSNO:    0.0000E+00
 CICE:    0.0000E+00
 CFZR:    0.0000E+00
 CRAI:    0.0000E+00
 LHTF:    0.3432E+02
 LCLD:    0.0000E+00
 MCLD:    0.0000E+00
 HCLD:    0.0000E+00
  
 PRESS HGT(MSL) TEMP DEW PT  WND DIR  WND SPD
 HPA       M      C     C       DEG     M/S  
 E = Estimated Surface Height

  916.   916.   13.1    4.3   153.3     2.2
  900.  1041.   18.3   -2.2   113.8     3.1
  850.  1527.   16.7   -8.1    71.4     2.8
  800.  2039.   14.9  -17.7    18.8     3.6
  750.  2580.   11.4  -19.1   357.6     5.6
  700.  3151.    7.0  -20.0   351.6     7.8
  650.  3754.    2.0  -22.9   345.6     9.8
  600.  4394.   -1.9  -30.3   335.8    11.3
  550.  5082.   -4.2  -52.7   311.1     8.7
  500.  5827.   -8.0 -273.1   271.5     7.6
  450.  6636.  -14.2  -68.8   263.1     9.3
  400.  7516.  -21.1  -55.9   265.3    12.9
  350.  8487.  -28.7  -59.0   269.9    20.6
  300.  9571.  -36.5  -56.6   277.0    27.5
  250. 10810.  -45.5  -65.3   281.0    27.4
  200. 12262.  -55.4  -66.4   277.8    29.3
  150. 14059.  -63.6  -75.8   272.9    22.6
  100. 16498.  -70.3  -91.5   273.2    13.4
   50. 20699.  -57.7 -273.1   231.5     1.2
   20. 26491.  -51.3 -273.1    94.4     4.5
  
 gdas1.sep07.w1                                            
        Lat/Lon: -24.63  -70.40
E = Estimated Surface Height

 ========Mean Sea Level Pressure=====
     FHR:    3.
MSLP      1017.

 ========Temperature Deg C=====
Hmsl/FHR:    3.
Mdl sfc   13.1
  916.    13.1
 1041.    18.3
 1527.    16.7
 2039.    14.9
 2580.    11.4
 3151.     7.0
 3754.     2.0
 4394.    -1.9
 5082.    -4.2
 5827.    -8.0
 6636.   -14.2
 7516.   -21.1
 8487.   -28.7
 9571.   -36.5
10810.   -45.5
12262.   -55.4
14059.   -63.6
16498.   -70.3
20699.   -57.7
26491.   -51.3

 ========Relative Humidity========
Hmsl/FHR:    3.
  916.    27.0
 1041.    24.9
 1527.    17.8
 2039.     9.4
 2580.    10.5
 3151.    13.1
 3754.    14.4
 4394.     9.9
 5082.     1.3
 5827.     0.0
 6636.     0.4
 7516.     3.3
 8487.     4.5
 9571.    12.3
10810.    10.6
12262.    27.0
14059.    20.5
16498.     4.6
20699.     0.0
26491.     0.0

 ========Wind Direction========
Hmsl/FHR:    3.
  916.   153.3
 1041.   113.8
 1527.    71.4
 2039.    18.8
 2580.   357.6
 3151.   351.6
 3754.   345.6
 4394.   335.8
 5082.   311.1
 5827.   271.5
 6636.   263.1
 7516.   265.3
 8487.   269.9
 9571.   277.0
10810.   281.0
12262.   277.8
14059.   272.9
16498.   273.2
20699.   231.5
26491.    94.4

 ========Wind Speed m/s=========
Hmsl/FHR:    3.
  916.     2.2
 1041.     3.1
 1527.     2.8
 2039.     3.6
 2580.     5.6
 3151.     7.8
 3754.     9.8
 4394.    11.3
 5082.     8.7
 5827.     7.6
 6636.     9.3
 7516.    12.9
 8487.    20.6
 9571.    27.5
10810.    27.4
12262.    29.3
14059.    22.6
16498.    13.4
20699.     1.2
26491.     4.5
