File start time :  7  9  1  0  0
 File ending time:  7  9  7 21  0
 Chosen date in meteorological file:            7           9           3           6
  
 YR: 2007   MON: 09   DAY: 03   HOUR: 06    AT POSITION: 290.6  66.4  LAT.:-24.63  LON.: -70.40
 PRSS:    0.9161E+03
 MSLP:    0.1017E+04
 TPP6:    0.0000E+00
 UMOF:    0.1402E-01
 VMOF:   -0.1786E-01
 SHTF:   -0.3106E+02
 DSWF:    0.0000E+00
 RH2M:    0.5050E+02
 U10M:   -0.2009E+01
 V10M:    0.2614E+01
 T02M:    0.2860E+03
 TCLD:    0.0000E+00
 SHGT:    0.9157E+03
 CAPE:    0.0000E+00
 CINH:    0.0000E+00
 LISD:    0.2868E+03
 LIB4:    0.1223E+02
 PBLH:    0.1785E+03
 TMPS:    0.2834E+03
 CPP6:    0.0000E+00
 SOLM:    0.1361E+00
 CSNO:    0.0000E+00
 CICE:    0.0000E+00
 CFZR:    0.0000E+00
 CRAI:    0.0000E+00
 LHTF:    0.3734E+02
 LCLD:    0.0000E+00
 MCLD:    0.0000E+00
 HCLD:    0.0000E+00
  
 PRESS HGT(MSL) TEMP DEW PT  WND DIR  WND SPD
 HPA       M      C     C       DEG     M/S  
 E = Estimated Surface Height

  916.   916.   12.9    2.8   142.5     3.3
  900.  1039.   18.0   -3.0   114.5     4.2
  850.  1524.   16.7   -8.6    78.6     3.3
  800.  2037.   15.0  -18.7    27.4     3.3
  750.  2578.   11.3  -18.2     6.2     4.9
  700.  3148.    6.7  -20.5   355.2     6.8
  650.  3750.    2.0  -24.4   345.9     8.6
  600.  4391.   -1.2  -35.0   330.0     8.5
  550.  5081.   -3.4 -273.1   277.5     5.7
  500.  5828.   -7.9  -64.9   243.5     7.3
  450.  6636.  -14.7  -55.6   244.7     8.8
  400.  7514.  -22.3  -50.7   257.4    11.9
  350.  8480.  -29.6  -54.7   268.0    18.8
  300.  9562.  -37.1  -56.0   276.6    26.9
  250. 10797.  -46.1  -60.7   281.7    29.9
  200. 12250.  -54.5  -66.0   284.2    30.1
  150. 14058.  -62.8  -74.0   279.8    23.0
  100. 16490.  -71.8  -88.4   289.6    15.6
   50. 20694.  -58.4 -273.1   178.9     0.6
   20. 26497.  -51.7 -273.1    47.3     5.2
  
 gdas1.sep07.w1                                            
        Lat/Lon: -24.63  -70.40
E = Estimated Surface Height

 ========Mean Sea Level Pressure=====
     FHR:    0.
MSLP      1017.

 ========Temperature Deg C=====
Hmsl/FHR:    0.
Mdl sfc   12.9
  916.    12.9
 1039.    18.0
 1524.    16.7
 2037.    15.0
 2578.    11.3
 3148.     6.7
 3750.     2.0
 4391.    -1.2
 5081.    -3.4
 5828.    -7.9
 6636.   -14.7
 7514.   -22.3
 8480.   -29.6
 9562.   -37.1
10797.   -46.1
12250.   -54.5
14058.   -62.8
16490.   -71.8
20694.   -58.4
26497.   -51.7

 ========Relative Humidity========
Hmsl/FHR:    0.
  916.    26.2
 1039.    23.9
 1524.    17.1
 2037.     8.5
 2578.    11.3
 3148.    12.8
 3750.    12.7
 4391.     6.1
 5081.     0.0
 5828.     0.4
 6636.     2.0
 7514.     6.5
 8480.     8.0
 9562.    13.8
10797.    19.8
12250.    25.6
14058.    23.7
16490.     9.1
20694.     0.0
26497.     0.0

 ========Wind Direction========
Hmsl/FHR:    0.
  916.   142.5
 1039.   114.5
 1524.    78.6
 2037.    27.4
 2578.     6.2
 3148.   355.2
 3750.   345.9
 4391.   330.0
 5081.   277.5
 5828.   243.5
 6636.   244.7
 7514.   257.4
 8480.   268.0
 9562.   276.6
10797.   281.7
12250.   284.2
14058.   279.8
16490.   289.6
20694.   178.9
26497.    47.3

 ========Wind Speed m/s=========
Hmsl/FHR:    0.
  916.     3.3
 1039.     4.2
 1524.     3.3
 2037.     3.3
 2578.     4.9
 3148.     6.8
 3750.     8.6
 4391.     8.5
 5081.     5.7
 5828.     7.3
 6636.     8.8
 7514.    11.9
 8480.    18.8
 9562.    26.9
10797.    29.9
12250.    30.1
14058.    23.0
16490.    15.6
20694.     0.6
26497.     5.2
