File start time :  8  8  1  0  0
 File ending time:  8  8  7 21  0
 Chosen date in meteorological file:            8           8           1           0
  
 YR: 2008   MON: 08   DAY: 01   HOUR: 00    AT POSITION: 290.6  66.4  LAT.:-24.63  LON.: -70.40
 PRSS:    0.9163E+03
 MSLP:    0.1018E+04
 TPP6:    0.0000E+00
 UMOF:   -0.3350E-01
 VMOF:   -0.3330E-01
 SHTF:    0.2003E+02
 DSWF:    0.2819E+03
 RH2M:    0.7179E+02
 U10M:    0.2700E-01
 V10M:    0.2565E+01
 T02M:    0.2847E+03
 TCLD:    0.4954E+02
 SHGT:    0.9157E+03
 CAPE:    0.0000E+00
 CINH:    0.0000E+00
 LISD:    0.2780E+03
 LIB4:    0.4805E+01
 PBLH:    0.2024E+03
 TMPS:    0.2829E+03
 CPP6:    0.0000E+00
 SOLM:    0.1327E+00
 CSNO:    0.0000E+00
 CICE:    0.0000E+00
 CFZR:    0.0000E+00
 CRAI:    0.0000E+00
 LHTF:    0.5310E+02
 LCLD:    0.0000E+00
 MCLD:    0.4939E+02
 HCLD:    0.0000E+00
  
 PRESS HGT(MSL) TEMP DEW PT  WND DIR  WND SPD
 HPA       M      C     C       DEG     M/S  
 E = Estimated Surface Height

  916.   916.   11.6    6.6   180.6     2.6
  900.  1041.   15.7    2.3   176.2     1.9
  850.  1522.   13.6   -2.1   173.9     1.6
  800.  2029.   11.1   -7.2    21.8     0.1
  750.  2563.    7.7  -12.8   345.8     2.5
  700.  3127.    3.9  -17.8   341.4     3.0
  650.  3724.   -0.3  -19.6   307.1     3.7
  600.  4358.   -4.9  -20.2   286.9     5.6
  550.  5035.  -10.0  -22.2   281.6     9.3
  500.  5763.  -15.3  -23.9   284.1    13.1
  450.  6550.  -21.0  -25.3   284.0    15.5
  400.  7407.  -28.0  -31.8   284.4    18.2
  350.  8351.  -35.4  -42.9   290.5    22.1
  300.  9410.  -40.5  -57.1   294.6    29.5
  250. 10646.  -42.7  -63.3   284.5    31.1
  200. 12124.  -51.6  -68.7   269.1    28.6
  150. 13953.  -60.4 -273.1   274.3    26.0
  100. 16420.  -68.8 -273.1   248.3    13.2
   50. 20598.  -63.0 -273.1   269.9    10.7
   20. 26428.  -46.8 -273.1   262.0    19.6
  
 gdas1.aug08.w1                                            
        Lat/Lon: -24.63  -70.40
E = Estimated Surface Height

 ========Mean Sea Level Pressure=====
     FHR:    0.
MSLP      1018.

 ========Temperature Deg C=====
Hmsl/FHR:    0.
Mdl sfc   11.6
  916.    11.6
 1041.    15.7
 1522.    13.6
 2029.    11.1
 2563.     7.7
 3127.     3.9
 3724.    -0.3
 4358.    -4.9
 5035.   -10.0
 5763.   -15.3
 6550.   -21.0
 7407.   -28.0
 8351.   -35.4
 9410.   -40.5
10646.   -42.7
12124.   -51.6
13953.   -60.4
16420.   -68.8
20598.   -63.0
26428.   -46.8

 ========Relative Humidity========
Hmsl/FHR:    0.
  916.    43.3
 1041.    40.7
 1522.    34.0
 2029.    27.4
 2563.    22.3
 3127.    19.4
 3724.    22.5
 4358.    29.9
 5035.    37.3
 5763.    48.7
 6550.    69.7
 7407.    70.8
 8351.    48.3
 9410.    17.2
10646.    10.3
12124.    13.3
13953.     0.0
16420.     0.0
20598.     0.0
26428.     0.0

 ========Wind Direction========
Hmsl/FHR:    0.
  916.   180.6
 1041.   176.2
 1522.   173.9
 2029.    21.8
 2563.   345.8
 3127.   341.4
 3724.   307.1
 4358.   286.9
 5035.   281.6
 5763.   284.1
 6550.   284.0
 7407.   284.4
 8351.   290.5
 9410.   294.6
10646.   284.5
12124.   269.1
13953.   274.3
16420.   248.3
20598.   269.9
26428.   262.0

 ========Wind Speed m/s=========
Hmsl/FHR:    0.
  916.     2.6
 1041.     1.9
 1522.     1.6
 2029.     0.1
 2563.     2.5
 3127.     3.0
 3724.     3.7
 4358.     5.6
 5035.     9.3
 5763.    13.1
 6550.    15.5
 7407.    18.2
 8351.    22.1
 9410.    29.5
10646.    31.1
12124.    28.6
13953.    26.0
16420.    13.2
20598.    10.7
26428.    19.6
