File start time :  7  9  1  0  0
 File ending time:  7  9  7 21  0
 Chosen date in meteorological file:            7           9           3          12
  
 YR: 2007   MON: 09   DAY: 03   HOUR: 12    AT POSITION: 290.6  66.4  LAT.:-24.63  LON.: -70.40
 PRSS:    0.9160E+03
 MSLP:    0.1017E+04
 TPP6:    0.0000E+00
 UMOF:    0.3488E-01
 VMOF:   -0.1323E-02
 SHTF:   -0.4494E+02
 DSWF:    0.1600E+02
 RH2M:    0.4471E+02
 U10M:   -0.2301E+01
 V10M:    0.4955E+00
 T02M:    0.2872E+03
 TCLD:    0.0000E+00
 SHGT:    0.9157E+03
 CAPE:    0.0000E+00
 CINH:    0.0000E+00
 LISD:    0.2866E+03
 LIB4:    0.1130E+02
 PBLH:    0.1508E+03
 TMPS:    0.2854E+03
 CPP6:    0.0000E+00
 SOLM:    0.1361E+00
 CSNO:    0.0000E+00
 CICE:    0.0000E+00
 CFZR:    0.0000E+00
 CRAI:    0.0000E+00
 LHTF:    0.3290E+02
 LCLD:    0.0000E+00
 MCLD:    0.0000E+00
 HCLD:    0.0000E+00
  
 PRESS HGT(MSL) TEMP DEW PT  WND DIR  WND SPD
 HPA       M      C     C       DEG     M/S  
 E = Estimated Surface Height

  916.   916.   14.0    2.1   102.2     2.4
  900.  1041.   18.6   -5.1    81.2     4.0
  850.  1528.   17.4  -10.0    46.7     4.5
  800.  2041.   15.2  -16.5    20.1     4.7
  750.  2582.   11.0  -16.4     7.8     6.3
  700.  3152.    6.4  -20.4   357.0     7.7
  650.  3754.    2.9  -27.3   342.9     6.7
  600.  4399.    1.1  -45.5   282.2     2.6
  550.  5093.   -2.7  -51.4   205.1     6.0
  500.  5840.   -8.6  -46.8   208.7     6.7
  450.  6644.  -16.1  -47.7   223.4     5.7
  400.  7517.  -23.6  -53.2   253.3     7.0
  350.  8479.  -30.5  -56.3   261.9    13.7
  300.  9557.  -37.5  -61.3   272.5    24.8
  250. 10791.  -46.3  -61.6   276.0    29.9
  200. 12245.  -54.3  -63.0   269.4    27.3
  150. 14049.  -63.3  -76.9   270.9    24.7
  100. 16478.  -71.1  -88.5   278.8    19.0
   50. 20693.  -60.6 -273.1   191.0     2.5
   20. 26493.  -53.9 -273.1   336.7     4.1
  
 gdas1.sep07.w1                                            
        Lat/Lon: -24.63  -70.40
E = Estimated Surface Height

 ========Mean Sea Level Pressure=====
     FHR:    0.
MSLP      1017.

 ========Temperature Deg C=====
Hmsl/FHR:    0.
Mdl sfc   14.0
  916.    14.0
 1041.    18.6
 1528.    17.4
 2041.    15.2
 2582.    11.0
 3152.     6.4
 3754.     2.9
 4399.     1.1
 5093.    -2.7
 5840.    -8.6
 6644.   -16.1
 7517.   -23.6
 8479.   -30.5
 9557.   -37.5
10791.   -46.3
12245.   -54.3
14049.   -63.3
16478.   -71.1
20693.   -60.6
26493.   -53.9

 ========Relative Humidity========
Hmsl/FHR:    0.
  916.    21.8
 1041.    19.7
 1528.    14.7
 2041.    10.1
 2582.    13.5
 3152.    13.1
 3754.     9.3
 4399.     1.8
 5093.     1.3
 5840.     3.3
 6644.     5.4
 7517.     5.6
 8479.     7.3
 9557.     7.8
10791.    18.3
12245.    36.5
14049.    17.2
16478.     8.3
20693.     0.0
26493.     0.0

 ========Wind Direction========
Hmsl/FHR:    0.
  916.   102.2
 1041.    81.2
 1528.    46.7
 2041.    20.1
 2582.     7.8
 3152.   357.0
 3754.   342.9
 4399.   282.2
 5093.   205.1
 5840.   208.7
 6644.   223.4
 7517.   253.3
 8479.   261.9
 9557.   272.5
10791.   276.0
12245.   269.4
14049.   270.9
16478.   278.8
20693.   191.0
26493.   336.7

 ========Wind Speed m/s=========
Hmsl/FHR:    0.
  916.     2.4
 1041.     4.0
 1528.     4.5
 2041.     4.7
 2582.     6.3
 3152.     7.7
 3754.     6.7
 4399.     2.6
 5093.     6.0
 5840.     6.7
 6644.     5.7
 7517.     7.0
 8479.    13.7
 9557.    24.8
10791.    29.9
12245.    27.3
14049.    24.7
16478.    19.0
20693.     2.5
26493.     4.1
