File start time :  7  9  1  0  0
 File ending time:  7  9  7 21  0
 Chosen date in meteorological file:            7           9           3           0
  
 YR: 2007   MON: 09   DAY: 03   HOUR: 00    AT POSITION: 290.6  66.4  LAT.:-24.63  LON.: -70.40
 PRSS:    0.9156E+03
 MSLP:    0.1016E+04
 TPP6:    0.0000E+00
 UMOF:   -0.2650E-01
 VMOF:   -0.1372E-01
 SHTF:    0.3080E+02
 DSWF:    0.3660E+03
 RH2M:    0.6618E+02
 U10M:   -0.1358E+00
 V10M:    0.2035E+01
 T02M:    0.2863E+03
 TCLD:    0.0000E+00
 SHGT:    0.9157E+03
 CAPE:    0.0000E+00
 CINH:    0.0000E+00
 LISD:    0.2852E+03
 LIB4:    0.1151E+02
 PBLH:    0.1406E+03
 TMPS:    0.2836E+03
 CPP6:    0.0000E+00
 SOLM:    0.1361E+00
 CSNO:    0.0000E+00
 CICE:    0.0000E+00
 CFZR:    0.0000E+00
 CRAI:    0.0000E+00
 LHTF:    0.4946E+02
 LCLD:    0.0000E+00
 MCLD:    0.0000E+00
 HCLD:    0.0000E+00
  
 PRESS HGT(MSL) TEMP DEW PT  WND DIR  WND SPD
 HPA       M      C     C       DEG     M/S  
 E = Estimated Surface Height

  916.   916.   13.2    7.0   176.2     2.0
  900.  1035.   19.3   -2.0   126.1     1.7
  850.  1522.   17.6   -9.4    55.3     1.4
  800.  2035.   15.4  -15.5     1.9     3.1
  750.  2577.   11.9  -18.9   355.1     5.5
  700.  3149.    7.5  -21.7   353.0     7.6
  650.  3753.    2.5  -24.8   346.1     9.3
  600.  4393.   -2.0  -31.9   335.5    11.6
  550.  5080.   -4.7  -47.4   313.9    11.5
  500.  5824.   -8.4  -69.8   289.5    11.6
  450.  6632.  -14.2  -72.4   276.1    12.2
  400.  7513.  -20.7  -65.7   270.9    14.6
  350.  8485.  -28.4  -58.4   272.3    20.5
  300.  9570.  -36.6  -57.3   278.9    26.2
  250. 10808.  -45.8  -61.2   285.8    27.5
  200. 12260.  -55.5  -67.7   275.2    29.3
  150. 14051.  -64.9  -75.7   274.3    25.3
  100. 16485.  -69.2  -96.7   272.5    13.8
   50. 20696.  -58.0 -273.1   273.5     2.6
   20. 26486.  -53.0 -273.1   147.8     4.5
  
 gdas1.sep07.w1                                            
        Lat/Lon: -24.63  -70.40
E = Estimated Surface Height

 ========Mean Sea Level Pressure=====
     FHR:    0.
MSLP      1016.

 ========Temperature Deg C=====
Hmsl/FHR:    0.
Mdl sfc   13.2
  916.    13.2
 1035.    19.3
 1522.    17.6
 2035.    15.4
 2577.    11.9
 3149.     7.5
 3753.     2.5
 4393.    -2.0
 5080.    -4.7
 5824.    -8.4
 6632.   -14.2
 7513.   -20.7
 8485.   -28.4
 9570.   -36.6
10808.   -45.8
12260.   -55.5
14051.   -64.9
16485.   -69.2
20696.   -58.0
26486.   -53.0

 ========Relative Humidity========
Hmsl/FHR:    0.
  916.    25.9
 1035.    23.7
 1522.    15.1
 2035.    10.8
 2577.    10.2
 3149.    10.9
 3753.    11.9
 4393.     8.7
 5080.     2.3
 5824.     0.2
 6632.     0.3
 7513.     1.0
 8485.     4.7
 9570.    11.4
10808.    18.2
12260.    23.1
14051.    24.3
16485.     1.7
20696.     0.0
26486.     0.0

 ========Wind Direction========
Hmsl/FHR:    0.
  916.   176.2
 1035.   126.1
 1522.    55.3
 2035.     1.9
 2577.   355.1
 3149.   353.0
 3753.   346.1
 4393.   335.5
 5080.   313.9
 5824.   289.5
 6632.   276.1
 7513.   270.9
 8485.   272.3
 9570.   278.9
10808.   285.8
12260.   275.2
14051.   274.3
16485.   272.5
20696.   273.5
26486.   147.8

 ========Wind Speed m/s=========
Hmsl/FHR:    0.
  916.     2.0
 1035.     1.7
 1522.     1.4
 2035.     3.1
 2577.     5.5
 3149.     7.6
 3753.     9.3
 4393.    11.6
 5080.    11.5
 5824.    11.6
 6632.    12.2
 7513.    14.6
 8485.    20.5
 9570.    26.2
10808.    27.5
12260.    29.3
14051.    25.3
16485.    13.8
20696.     2.6
26486.     4.5
